2 0.634774 0.628601 0.092593 0.141975
2 0.048354 0.659465 0.092593 0.166667
2 0.371399 0.092593 0.150206 0.156379
2 0.405350 0.774691 0.185185 0.146091
2 0.306584 0.643004 0.111111 0.137860
2 0.885802 0.430041 0.179012 0.123457
2 0.362140 0.948560 0.135802 0.102880
2 0.281893 0.493827 0.098765 0.152263
0 0.548354 0.331276 0.150206 0.123457
0 0.601852 0.817901 0.146091 0.141975
0 0.250000 0.267490 0.179012 0.152263
3 0.115226 0.206790 0.082305 0.137860
2 0.913580 0.906379 0.172840 0.141975
2 0.744856 0.309671 0.115226 0.179012