0 0.339522 0.587449 0.238660 0.183128
0 0.752376 0.807613 0.290781 0.170782
0 0.751004 0.467078 0.167336 0.172840
0 0.432791 0.361111 0.161850 0.133745
0 0.246252 0.361111 0.178309 0.133745
0 0.648134 0.287037 0.120702 0.080247
0 0.210591 0.814815 0.386793 0.172840
0 0.284658 0.196502 0.112472 0.059671
0 0.682424 0.655350 0.222201 0.137860
2 0.157098 0.664609 0.241403 0.176955
2 0.624816 0.393004 0.161850 0.119342
2 0.818213 0.245885 0.137161 0.096708
2 0.457480 0.206790 0.150877 0.096708
2 0.131037 0.270576 0.189282 0.100823
3 0.789409 0.947531 0.216714 0.100823