0 0.134534 0.203704 0.124414 0.152263
0 0.466564 0.219136 0.138410 0.150206
0 0.108096 0.411523 0.139966 0.197531
0 0.461898 0.438272 0.101086 0.181070
0 0.627524 0.114198 0.111972 0.141975
0 0.345260 0.604938 0.104197 0.185185
2 0.832807 0.662551 0.105752 0.123457
2 0.153974 0.833333 0.188176 0.152263
2 0.501555 0.759259 0.133745 0.160494
1 0.954505 0.745885 0.090990 0.158436
1 0.506221 0.864198 0.077759 0.131687
1 0.601086 0.702675 0.093310 0.150206
1 0.255060 0.958848 0.206838 0.082304
0 0.657850 0.418724 0.144631 0.170782