1 0.159467 0.447531 0.032432 0.055556
1 0.214942 0.265432 0.030725 0.041152
1 0.267857 0.818930 0.040966 0.037037
1 0.213235 0.907407 0.037552 0.057613
1 0.178243 0.662551 0.035846 0.037037
1 0.253348 0.630658 0.029018 0.051440
1 0.259323 0.457819 0.054622 0.067901
1 0.250788 0.313786 0.037552 0.055556
1 0.304556 0.918724 0.046087 0.039095
2 0.361739 0.283951 0.034139 0.045267
2 0.405265 0.451646 0.049501 0.059671
2 0.367713 0.529835 0.032432 0.047325
2 0.472689 0.490741 0.047794 0.051440
2 0.461594 0.346708 0.046087 0.051440
0 0.564010 0.622428 0.056329 0.051440
0 0.468422 0.661523 0.059743 0.059671
0 0.485491 0.818930 0.049501 0.061728
0 0.604976 0.819959 0.042673 0.076132
0 0.671547 0.650206 0.039259 0.053498
0 0.826877 0.667695 0.039259 0.063786
0 0.775669 0.807613 0.056329 0.063786
0 0.862723 0.817901 0.035846 0.076132
0 0.436844 0.910494 0.040966 0.055556
0 0.413800 0.842593 0.059743 0.051440
0 0.389903 0.676955 0.042673 0.078189